0.013061
0.013351
0.000248
0.314139
0.438650
0.000754
-0.910750
-1.773026
-0.471374
-1.537208
-1.999207
-1.424712
-0.807020
-0.937471
-0.656234
-0.505540
-0.215518
-0.132426
-0.115077
-0.129187
-0.017940
-0.031609
-0.013060
-0.000034
0.004936
-0.013429
-0.000041
0.000238
0.027316
0.383185
0.739388
1.308891
1.358892
1.999374
1.999515
1.978382
1.998826
1.670345
1.892942
1.999860
1.999904
0.000251
0.003141
0.000281
0.000080
0.000014
0.026472
0.027954
0.073142
0.341331
1.089087
1.461859
1.524591
0.450465
1.528701
0.000520
0.000160
0.000135
-0.000032
-0.000035
-0.000048
0.000024
-0.000048
-0.000039
0.000025
0.000071
-0.000011
0.000002
-0.000011
0.016688
-0.002317
0.000003
0.000046
0.204993
1.110877
0.000007
-1.337302
-1.999970
-1.488654
-1.999999
-1.999627
-1.999843
-1.999868
-1.999705
-1.999976
-1.999685
-2.000015
-1.805282
-1.997833
-0.003317
-0.030860
-0.018406
0.088259
0.034228
1.620744
1.998747
1.815123
0.888854
-0.000006
0.226774
1.528576
1.658976
1.999787
1.427541
0.000056
-0.000024
-0.000088
-0.000077
-0.000143
-0.000024
-0.000030
-0.000060
-0.000011
-0.000036
-0.000008
0.000307
0.011950
-0.000003
-0.314149
-0.644901
-1.111713
-1.089310
-0.883110
-0.594782
-0.280402
-0.000225
-0.000418
-0.000002
-0.000923
-0.097368
-0.404824
-0.217313
-0.000473
-0.000119
-0.001812
-0.000239
-0.000040
-0.000004
0.036960
0.018615
0.000040
0.000007
0.000848
0.000043
0.382443
0.661099
1.528750
2.000001
2.000039
2.000040
2.000028
2.000002
2.000005
0.000225
-0.000003
-0.000029
-0.000022
0.000003
-0.000241
-0.000036
-0.000001
0.035796
0.018326
0.009197
0.000004
0.000062
0.000537
0.000024
-0.223848
-0.149895
0.000024
0.000131
0.000017
-0.000244
-0.500169
-0.589712
-0.104788
-0.000454
-0.000068
-0.000131
-0.001692
0.000014
-0.000034
-0.000117
0.027089
-0.002819
0.000015
0.000002
-2.000028
-1.999963
-1.999988
-1.773348
-0.471465
-0.117263
-0.000045
-0.000452
-0.000145
-0.880819
-0.422469
-0.509259
-0.242030
-0.011151
-0.009342
-0.001202
-0.000531
-0.000171
-0.000044
0.018140
0.018543
0.070185
0.886368
1.039056
1.211317
1.818540
2.032906
2.000024
1.999999
1.999942
1.999564
-0.000280
-0.000047
-0.000007
-0.000231
-0.000028
-0.000070
-0.000064
0.000031
0.000011
-0.000127
0.000015
0.043981
0.041634
0.027601
0.160349
0.000036
-0.000012
0.000046
0.226617
1.303136
1.719524
1.999611
1.999281
1.999826
1.499760
1.272432
0.508793
0.000416
0.000122
0.000157
0.002740
0.000269
0.000065
0.000015
0.000043
0.000141
-0.000014
0.000001
0.000013
-0.000077
-0.000189
-1.507650
-0.471289
-0.000012
-0.000084
-0.000085
-0.000048
-0.000005
-0.000003
-0.000022
0.000011
-0.000025
-0.000015
-0.000031
0.000014
0.000009
0.000015
0.000146
-0.007222
0.000081
0.000560
0.000031
0.000112
0.000018
0.226645
0.532090
0.949075
0.270124
0.578186
0.391088
0.382943
0.000220
0.000301
0.000117
0.000077
0.000103
0.000019
0.000028
-0.000014
-0.000002
0.018865
0.022875
0.027655
-0.000617
-0.000051
-1.905424
-1.841254
-1.773181
-0.471271
-0.340621
-0.000346
-0.000285
-0.015768
-1.998694
-1.596419
-1.651955
-0.587903
-0.227229
-0.000429
-0.001615
-0.000004
-0.000029
-0.000001
0.000217
0.000251
-0.000018
-0.000009
0.000016
0.000001
0.000000
0.000291
0.000174
-0.000004
0.000100
0.000064
-0.000000
-0.000006
-0.000060
0.000030
-0.000006
0.000004
-0.000070
-0.000053
0.000015
0.000017
0.000006
0.013061
0.008520
0.000046
0.000056
0.055451
1.458927
1.010311
1.097853
1.998114
2.000045
2.000189
2.000226
2.000036
2.000014
2.000029
2.000087
1.999997
-0.000030
-0.000055
-0.002158
-0.000064
-0.000026
-0.000006
0.000285
0.022683
0.001926
0.000082
0.073979
0.066356
0.000427
0.139148
-0.900238
-1.131155
-2.000198
-1.999376
-1.998441
-1.999902
-1.955014
-1.985226
-1.999822
-2.000057
-2.000066
-1.998690
-1.989198
-0.332620
-0.044914
0.000229
0.010420
0.000044
0.000004
0.000015
0.000035
0.000021
0.226585
0.000084
0.000006
0.000027
0.000012
-0.391529
-0.382813
-0.050225
-0.043342
-0.000025
-0.000113
-0.000114
-0.001333
-0.000005
-0.000068
0.000003
0.014752
0.017739
0.000021
0.000029
0.000022
0.000071
0.000098
0.679870
1.528876
1.999758
1.999559
1.999466
-0.000089
0.000001
-0.000067
-0.000001
0.000017
0.000015
0.000086
0.000021
0.000023
0.000041
0.000034
0.015721
0.004772
0.000029
0.000012
0.000090
0.000035
0.003238
0.490603
0.000255
-0.000033
-0.000303
-0.000116
-0.000268
-0.000162
-0.185801
-0.520079
-0.000482
-0.000368
-0.000390
-0.094985
-0.000113
-0.082882
-0.022566
0.025592
0.024229
0.292692
0.921160
1.161626
1.492927
1.999828
2.000114
2.276952
2.947908
2.218557
2.000093
1.999997
0.499562
0.563817
0.507071
0.000581
-0.000023
-0.000079
-0.002933
-0.000328
-0.000125
-0.000057
0.000154
0.006997
0.000097
0.000078
0.000505
-0.000005
-0.000012
-0.000039
-0.000037
0.000011
0.000021
-0.000544
-1.443172
-0.492918
-0.203736
-0.101120
-0.000171
-0.000041
-0.000037
-0.000256
-0.000006
-0.020618
-0.025674
0.036724
0.012340
0.000073
0.000010
0.000087
0.000023
-0.000025
0.226647
0.733406
0.000005
-0.000035
-0.000019
-0.000060
-0.000004
-0.000041
-0.000069
-0.000032
-0.000072
-0.000032
-0.000001
0.000013
-0.000016
0.000001
-0.000009
0.020954
0.008239
0.000011
0.000002
-0.000025
0.000012
0.226680
1.528739
1.817613
1.999654
1.999900
1.454225
1.000324
0.864655
0.555468
0.000369
0.000022
0.000000
0.000013
0.000022
-0.000016
0.000016
0.036721
0.030285
0.013433
0.000308
0.125854
0.495999
0.247107
0.226739
1.528728
0.000160
0.000008
-0.000191
-0.000120
-0.000033
-0.000075
-0.006719
-0.000062
-0.000258
-0.000138
-0.000646
-0.000057
-0.000029
-0.028552
0.032651
0.002600
-0.000021
0.000011
-0.000018
0.000014
0.000003
0.226766
1.294976
1.719502
1.999040
0.000521
0.000018
-0.000031
-0.297054
-0.000064
0.000011
0.000016
0.000008
-0.000098
-0.000175
-0.000014
-0.000011
-0.086286
-0.073396
-1.858577
-1.999972
-1.999953
-2.000006
-2.000009
-1.773351
-0.471265
-0.000012
0.000015
-0.000000
-0.000013
0.000010
0.000027
-0.000071
-0.000007
0.000000
0.000019
0.000007
0.000021
0.000059
0.000019
0.021964
0.020731
0.304459
1.371467
0.982041
1.819674
2.030000
1.274121
1.966920
2.000013
2.000025
2.000293
2.000268
2.492594
2.203717
2.101894
2.000084
2.000102
2.000062
2.000339
0.000014
-0.000036
0.000006
0.037903
0.031501
0.000109
-0.000023
0.000006
-0.000019
-0.000017
-0.000045
0.000115
0.127333
-0.000010
0.000243
0.000126
0.000070
0.107500
0.000117
-0.000039
0.000026
-0.000105
-0.001537
-0.000115
0.000004
-0.000012
0.000314
0.010460
0.008001
0.000015
0.000041
-0.000014
-0.000037
-0.434456
-0.471182
0.000001
0.000007
0.000023
-0.000010
-0.000005
-0.000007
-0.000049
0.000010
-0.000028
-0.000056
-0.000089
0.000011
-0.000001
-0.000007
0.000691
0.019732
0.003602
0.000397
0.176319
0.000061
0.000117
0.440868
1.528713
2.000007
1.999933
1.999923
1.999835
1.999996
1.999858
1.999824
1.999915
2.000001
1.999963
2.000041
1.999986
0.000049
-0.051063
0.000491
-0.006693
-0.002855
-0.000031
-0.000012
-0.000059
-0.000086
-0.000014
0.000145
0.280469
0.000214
0.000227
0.000250
0.500169
0.475321
0.710864
0.228484
0.000661
0.000205
0.002594
0.000021
0.000010
-0.000035
0.000520
0.008197
0.000012
-0.000592
-0.000074
-0.000176
-0.000180
-0.237650
-0.471489
0.000010
0.000010
0.000012
-0.390967
-0.381953
-0.000294
-0.000277
-0.000141
-0.000033
-0.000027
0.000032
-0.000017
-0.000006
-0.000050
0.000544
0.011558
0.074136
0.000066
0.000139
-0.000005
0.000139
0.226714
0.155550
0.300459
0.000248
0.000136
0.000160
-0.000016
0.000015
0.000319
0.000035
0.000041
-0.000050
-0.000137
-0.000042
-0.000121
-0.023871
0.000968
0.010786
0.013383
0.000016
0.000102
0.000051
0.000049
0.226653
1.528696
0.340965
0.000241
0.000216
-0.000045
0.000015
-0.000153
-0.000453
-0.000262
-2.000036
-1.481733
-1.752156
-0.013444
-0.135305
-0.015720
0.000181
0.011209
0.000021
-0.000010
-0.470445
-1.491775
-1.999806
-1.584791
-0.471306
-0.000018
-0.000060
0.000016
-0.000001
-0.500034
-0.563952
-0.507845
-0.000619
-0.000124
-0.000063
-0.002094
-0.002637
-0.000372
-0.000031
0.028782
0.029631
0.175643
0.314026
0.483039
0.654969
0.911391
0.414727
1.528609
-0.000001
-0.000042
-0.000003
-0.000088
-0.000005
-0.000022
-0.000034
-0.000002
-0.000024
-0.000090
-0.000028
-0.000003
-0.000034
-0.028780
0.060607
0.033494
0.048047
1.525476
1.989621
1.788407
1.683173
0.227531
1.528762
0.885729
1.999836
1.998687
0.000139
0.000023
-0.000014
-0.000097
0.000011
0.000012
0.000076
0.000752
0.000041
0.000078
0.000044
0.001407
0.009993
0.000159
0.000009
-0.000019
0.000005
0.000043
0.226656
0.064700
0.343436
0.000816
0.000129
0.127620
0.493043
0.000156
0.000415
-0.000028
-0.000040
-0.000013
-0.000317
0.000001
0.000020
0.000006
0.032168
0.032883
0.213811
0.314238
0.475969
0.394629
0.000013
-0.453161
-0.438174
-0.000004
0.000001
-0.000011
0.000039
-0.000004
-0.000003
-0.000016
0.000002
0.000013
0.000014
-0.000138
-0.000000
-0.000016
-0.039112
0.000266
0.018411
0.000130
0.000055
0.000829
0.301191
0.000058
0.226678
0.707316
-0.000554
-1.999669
-1.999634
-1.999495
-1.951003
-1.814002
-1.845988
-1.999356
-1.999497
-1.999942
-1.996770
-0.995079
-0.026357
-0.029989
0.032893
0.033625
0.002365
0.000096
0.000305
-0.000010
0.000189
0.226475
0.233602
-0.000001
-0.000121
-0.000738
-1.541851
-0.499831
-0.397213
-0.078770
-0.000060
-0.000591
-0.001866
-0.002751
-1.005114
-0.028908
-0.032891
0.044276
0.012448
-0.000025
-0.000028
0.000004
-0.000056
-0.000085
-0.000411
0.000091
-0.000008
0.000046
0.000069
0.000001
-0.000033
-0.000009
0.000019
-0.000001
-0.000016
-0.000021
-0.000007
0.000011
0.000039
0.000011
0.043461
0.017750
0.006316
0.202429
0.401708
1.104509
0.910507
0.954611
0.000147
-0.000036
-0.000025
-0.000399
-0.000094
-0.000050
-0.000005
-0.000083
-0.000135
-0.000041
-0.000071
-0.000769
-0.000011
-0.000109
0.000003
0.019107
0.008199
-0.000024
-1.999991
-1.999999
-1.999954
-1.999995
-1.773373
-0.471324
-0.000018
-0.000060
-0.000045
-1.969240
-1.843023
-1.462393
-0.894607
-0.582424
-0.444367
-0.180338
-0.001502
-0.000718
-0.000078
-0.024092
0.047747
0.016589
0.710095
0.000011
0.000002
0.000034
0.000016
0.226469
0.179800
0.742404
0.000753
0.587852
1.443510
0.493763
0.430864
0.454445
0.000022
0.000076
-0.000003
-0.000022
0.000023
-0.000026
-0.000002
0.027814
0.029534
0.013002
0.968466
0.933532
1.494087
2.000185
0.841279
1.528674
1.257398
0.000478
0.000645
0.000090
0.000037
0.203829
0.106811
0.000249
0.000104
0.000183
0.000695
0.000024
-0.000004
0.000005
0.039646
0.034366
0.000064
0.000010
-0.000002
-0.394338
-1.999991
-1.773418
-2.000260
-1.817629
-1.999974
-1.999911
-1.943356
-1.500068
-1.290686
-0.558250
-0.467608
-1.550962
-1.948817
-1.965833
-1.995419
-0.188846
-0.035335
0.035554
0.030116
0.003191
-0.000003
0.000071
-0.000010
0.000003
0.226454
0.375491
0.343357
0.000092
0.000030
0.000071
0.000097
0.000087
0.000044
0.000022
0.000011
0.000011
-0.000076
0.000004
-0.000044
-0.000248
0.019172
-0.002698
-0.000059
-0.000001
-0.000025
-0.000059
-0.000061
-0.000012
-0.000065
0.000020
-0.000001
0.000103
-0.000031
-0.000003
-0.000046
0.000011
-0.000103
-0.000132
-1.108170
-1.997263
-0.000115
-0.195759
-0.039769
0.000082
-0.003153
0.000078
-0.163226
-1.999985
-2.000004
-2.000002
-2.000545
-2.151012
-1.838588
-1.999803
-2.000160
-1.454623
-1.067758
-0.967853
-0.711411
-0.402727
-0.385321
-0.323222
-0.351257
-0.015478
-0.053399
-0.017356
0.031442
0.032141
0.198006
0.314294
2.029428
1.605777
0.247620
-0.308615
-0.471326
-0.000089
-0.000207
-0.000203
-0.000150
-0.000150
-0.042376
0.000035
-0.000222
-0.000031
-0.000243
-0.019150
-0.000534
-0.057940
-0.032299
0.025987
-0.003062
-0.007991
-1.685785
-1.529274
-1.498190
-1.999813
-1.557455
-0.471471
-0.000038
-0.000047
-0.000146
-0.022223
-0.500436
-0.726665
-0.468580
-0.000399
-0.000100
-0.000153
-0.000948
-0.000032
-0.000099
-0.000026
0.000055
-0.007001
-0.000045
-0.000008
-0.000035
-0.000035
-0.000008
0.000082
-0.000540
0.000000
0.000010
0.000035
-0.000082
-0.000070
-0.203250
-0.012725
-0.000025
-0.000004
-0.000029
0.000020
0.000009
0.000006
0.000002
0.029023
0.029879
0.000037
0.314067
0.644887
1.111753
0.152446
0.226700
0.587864
0.143584
0.000089
-0.000172
-0.000186
-0.381137
-0.661672
-0.504137
-0.000535
-0.000066
-0.000075
-0.003184
-0.000003
0.000007
-0.000020
0.014028
0.003471
-0.000287
-0.000040
0.000071
0.495735
0.944387
0.441281
0.044860
-0.685780
-0.000619
-0.549776
-0.007089
-0.000216
-0.489958
-0.793243
-0.587299
-0.000527
-0.000191
-0.002535
0.000002
-0.000094
-0.000021
0.000001
-0.011272
-0.173199
-0.314131
-0.483294
-0.956224
-0.911609
-0.414936
-0.471312
-0.000655
-0.000120
-0.000195
0.000001
0.000001
-0.000028
0.000099
-0.000022
0.000037
0.000013
0.000010
-0.000008
-0.000114
-0.000051
0.000319
0.022204
0.000048
0.000024
0.000472
0.077212
0.000018
-0.000041
-0.233951
-0.143418
-0.000188
-0.000180
-0.000084
-0.000000
-0.000061
-0.000724
-0.000003
-0.000006
-0.000071
-0.000396
-0.000010
-0.000011
-0.000021
0.028782
0.029422
0.066596
0.314164
-0.000083
-0.000022
0.000003
0.000100
0.000085
-0.000039
-0.000103
-0.000834
-0.000221
-0.379904
-0.203149
-0.073180
-0.000279
-0.000045
-0.000028
-0.000045
0.000004
-0.000042
0.000018
0.000493
-0.001527
-0.000079
-0.000015
-0.000009
0.000023
0.000013
-0.000103
-0.000416
0.000013
-0.000016
0.000023
-0.000116
-0.000051
-0.207023
-0.106974
-0.000452
-0.000054
-0.000203
-0.000157
-0.000287
0.000017
0.000007
0.041726
0.025560
0.008070
0.000018
0.015422
0.000257
0.000011
0.226660
1.528687
0.000119
0.000035
0.000369
0.000036
0.000019
0.000008
0.000051
-0.000007
0.000006
-0.000034
-0.000052
0.000027
0.000018
0.000009
0.020558
0.014787
0.015383
0.000030
0.000025
0.000012
-0.000002
0.226558
1.301728
1.719155
-0.000010
-0.000148
-0.000095
-0.500248
-0.560349
-0.508077
-0.000046
-0.157740
-0.152897
-0.089424
-0.004603
-0.000050
-0.000014
-0.000018
0.006531
0.000047
0.000016
0.000005
-0.000031
-0.000017
0.000080
-0.000010
0.000021
0.000009
0.000051
0.000006
0.000051
0.047649
0.017442
0.000236
0.000079
0.000127
0.001258
0.000032
0.000010
0.000008
0.000464
0.010375
0.000033
-0.000005
0.000001
0.000042
0.000034
0.226790
1.528640
1.719508
1.999821
1.999700
1.999910
1.999967
2.000015
2.000008
1.999994
1.999997
1.999983
1.997502
0.000020
-0.000010
-0.000009
0.000221
0.006279
0.000045
0.000017
0.000016
0.000083
0.000064
0.226709
1.528478
-0.000002
-0.000046
-0.000078
-0.000071
-0.000011
-0.409737
-0.454388
-0.000184
-0.000102
-0.000088
-0.000605
-0.000024
-0.000082
-0.000011
0.025154
0.025713
0.009613
0.118774
0.550661
0.888226
0.506001
0.226667
1.528739
0.280612
0.000060
0.000033
-0.679053
-1.998734
-1.702664
-1.452730
-0.586666
-0.000115
-0.000220
-0.000775
-0.000079
-0.000044
-0.000031
0.000366
0.011233
0.000022
0.163090
0.000090
0.000133
-0.000011
-1.230836
-1.217208
-0.343441
-0.000166
-0.000422
-0.454963
-0.506249
-0.711603
-0.447186
-0.000165
-0.000024
-0.000006
-0.000049
-0.000016
0.000017
-0.000063
0.025879
0.021904
0.001381
0.000036
0.069268
0.000144
-0.000002
0.226341
0.000018
0.000025
0.000069
-0.000141
-0.000136
0.000007
0.000007
-0.000080
-0.000030
-0.000003
-0.000060
-0.000054
-0.000007
0.000017
-0.025878
0.000751
0.002750
0.000029
0.000004
-0.000017
0.000005
-0.000020
-0.000235
0.043169
0.000026
0.000000
0.000059
0.000015
0.000003
-0.000006
-0.000029
-0.000036
-0.000005
0.000009
-0.000052
0.000002
-0.000016
0.000008
0.028715
0.027186
0.712410
1.685713
0.409714
0.061419
0.002706
0.490353
1.528758
1.999897
1.999969
1.999736
1.542553
0.880939
0.767678
0.507951
0.000319
0.000097
0.000132
0.000776
0.000042
0.000010
0.000018
0.022251
0.016990
0.173210
0.313996
0.472584
0.882536
0.090819
0.640912
1.528677
-0.000133
-0.000018
-0.000025
-0.000116
-0.000000
-0.000061
-0.000025
0.000011
-0.000022
-0.000049
-0.000115
0.000017
-0.000010
-0.022250
-0.000006
-0.005642
-0.000003
-0.000016
0.000006
-0.000015
0.000004
0.226527
0.897104
1.719525
1.999748
1.999694
1.999780
1.999804
1.951886
1.982623
1.999673
1.999921
1.999964
1.998932
1.999980
1.999956
0.000027
-0.000105
0.005962
-0.000034
-0.000040
-0.463901
-0.888608
-0.910411
-1.773042
-0.471314
-0.000005
0.000030
-0.000200
-0.000139
-0.000188
-0.115261
-0.468000
-0.000218
-0.000037
-0.000105
-0.000581
-0.000078
-0.000028
-0.000034
0.033204
0.028791
0.658926
0.906373
1.168432
0.969066
1.052291
0.444149
1.528731
0.000531
-0.000004
-0.000157
-0.000141
-0.000071
-0.000090
-0.000281
-0.000268
-0.000038
-0.000186
-0.000851
-0.000776
0.000021
-0.000031
0.022009
0.022499
0.122796
0.313502
0.431684
1.009546
0.935715
1.457433
1.286069
0.280505
0.000180
0.000895
0.000147
-0.000019
-0.182260
-0.429234
-0.000270
-0.000059
-0.000021
-0.000209
-0.000021
-0.000031
-0.000026
0.036989
0.028059
0.013650
0.000032
0.000049
0.000180
0.000082
0.226717
0.616428
0.462823
0.000872
0.533628
0.455010
0.999164
1.231925
0.552140
-0.000004
-0.000064
-0.000228
-0.002410
-0.000007
-0.000042
0.000017
0.016509
-0.003486
-0.000041
-0.000009
0.000271
0.000055
0.000041
0.510473
0.421162
0.340650
0.000129
0.000347
0.021700
0.500344
0.560535
0.455187
0.000215
0.000073
0.000109
0.000242
0.000058
0.000053
0.000012
0.000118
-0.000140
-0.000193
0.000007
-0.000327
-0.000144
0.000062
-0.072794
-0.006525
0.000122
0.000139
-0.000011
0.000071
0.000330
0.000059
0.000203
0.000157
0.000029
-0.000015
-0.000583
0.000014
-0.000069
0.000009
0.024715
0.008086
0.000080
0.000017
-0.000014
0.000013
-0.000004
0.087570
0.428982
0.709764
0.000856
0.000212
-0.000072
-0.499519
-0.563969
-0.508195
-0.385280
-0.000114
-0.000007
-0.000823
-0.000042
-0.052655
-0.033303
0.030233
0.031115
0.018766
0.830928
0.398681
1.904726
0.324460
0.476469
1.528734
1.999995
1.999996
1.999988
1.999778
1.998941
1.999917
1.999896
0.586989
-0.000017
-0.000116
-0.947378
-0.000201
-0.000060
-0.000002
0.000609
0.014509
-0.000012
-0.000028
-0.178291
-0.498339
-0.697205
-0.846389
-0.469579
-0.000000
-0.000002
0.000010
-0.000101
-0.000009
-0.000004
-0.000008
-0.000038
-0.000120
-0.000141
-0.002767
0.000005
0.000058
-0.000016
0.000526
0.012445
0.000036
0.000012
-0.000002
0.000047
-0.000010
0.129299
-0.306405
-0.000014
-0.000024
-0.000146
-0.000112
-0.500497
-0.560811
-0.102575
-0.000081
-0.000040
-0.000161
-0.000239
-0.000152
-0.000099
-0.000129
0.000189
0.020329
0.000760
0.000084
0.000023
0.000122
0.000006
0.226576
-0.034593
-0.000010
-0.000054
-0.000054
-0.000052
-0.000002
-0.000026
-0.000229
-0.000831
0.000024
-0.000150
-0.001608
-0.000005
-0.000000
-0.024962
0.028035
0.014079
0.001938
0.313877
0.137042
0.000063
0.000023
0.227067
1.527135
1.489429
1.998801
0.572551
0.000267
-0.000009
-0.000067
-0.000003
-0.000007
-0.000046
-0.000008
-0.000111
0.000004
0.000034
-0.000006
0.023548
0.023485
0.013709
0.000005
0.000056
-0.000003
-0.000017
-0.000309
0.128223
0.000014
-0.000060
-0.000025
0.000048
-0.000008
-0.000020
0.000019
0.000015
-0.000021
-0.000083
-0.000087
0.000016
-0.000077
-0.000039
0.000165
0.000900
0.000053
0.000001
-0.000033
-0.000031
-0.000030
-0.265966
-0.463565
-0.000014
-0.000003
-0.000008
-0.000011
0.000011
-0.000008
-0.000035
-0.000013
-0.000004
0.000003
-0.000016
0.000011
-0.000026
-0.000055
0.055963
0.020620
0.000035
0.000002
0.000020
-0.495816
-0.913877
-1.773340
-0.531771
-0.947985
-0.219478
-0.577623
-0.391344
-0.000951
-0.000169
-0.000515
-0.002092
-0.265260
-0.154478
-0.049433
-0.009574
-0.019768
-0.023351
0.020997
0.016344
0.000003
0.000013
0.000050
-0.000031
-0.000008
0.226465
0.000091
-0.200221
-1.999943
-2.000212
-1.951638
-1.967977
-1.603130
-1.134901
-1.634329
-1.999692
-1.516822
-1.574692
-0.026401
-0.079867
-0.019106
0.058611
0.042161
1.149033
0.000038
-0.000009
-1.605826
-1.999999
-1.999517
-1.773385
-1.817660
-1.999555
-1.999637
-1.572318
-1.070129
-1.195863
-0.509750
-0.000204
-0.375075
-0.000104
-0.001213
-0.000727
-0.087424
-0.040280
1.000002
0.999999
1.000000
1.000000
0.999999
1.000000
1.000000
0.773352
-0.528730
-1.000000
-1.000000
-0.999999
-1.000000
-1.000000
-1.000000
-1.000000
-1.000000
-1.000000
-1.000002
-1.000002
-1.000021
-1.000019
-1.000017
