0.000038
-0.062113
-0.057338
0.000017
-0.000046
-0.125560
-0.000027
-0.000023
-0.000471
0.306564
0.305230
0.185235
0.000044
-0.000183
-0.000006
-0.129940
-0.036110
-0.051898
-0.418626
0.000010
0.000099
-0.056562
-0.064297
-0.000006
-0.000008
0.000038
0.091007
-0.000003
-0.000030
0.000006
-0.000011
0.019810
0.647402
0.586614
-1.531851
-0.039564
-0.086779
-0.078973
0.105214
0.071417
0.000016
0.049899
-0.000017
-0.000013
0.000078
0.000005
-0.000082
0.000016
-0.080630
-0.113572
-0.088046
-0.000000
-0.000007
0.000036
0.000505
-0.269131
0.506690
-0.227656
-0.279843
-0.000027
-0.075841
0.566287
-0.000904
0.000008
-0.184327
0.000002
0.000058
-0.000000
-0.079325
0.000047
-0.078173
-0.076641
-0.131274
-0.077003
0.000002
-0.000032
-0.142384
-0.017601
-0.371943
-0.577581
0.079970
0.000072
-0.000100
-0.000096
0.227546
1.089798
0.000002
-0.144603
0.000038
0.000057
0.000068
-0.000005
-0.000009
-0.000011
-0.000001
-0.090935
-0.000005
-0.000004
0.000014
0.000035
-1.959323
-0.132014
-0.007245
-0.624803
-0.017144
0.000021
-0.000020
-0.020815
-1.311491
-0.000034
0.212566
-0.000011
0.000057
0.000030
-0.000261
0.000016
-0.000000
-0.042121
-0.093434
-0.082755
-0.000060
-0.096501
-0.000034
-0.028668
-0.156834
-0.103596
-0.461672
-1.416672
-0.085097
-0.083671
-0.372796
-1.710572
0.000008
0.468606
0.000121
0.000091
-0.000054
0.000011
-0.050176
-0.049349
-0.050690
0.000017
0.000020
-0.031698
0.000002
0.000035
1.979708
0.253290
-1.524308
-1.728243
-0.077321
-0.049387
-0.048802
-0.044679
-0.083140
-0.046118
-0.408378
-0.048280
-0.046791
-0.042855
-0.052004
-0.062740
-0.061847
-0.000061
-0.000029
-0.000147
0.000003
0.000036
0.000004
0.020278
-0.130033
-0.542904
0.000194
-0.311367
-0.078996
0.000041
-0.333624
0.837109
0.000044
-0.135361
0.000070
-0.000005
-0.053942
-0.061059
0.000024
0.000029
0.000019
0.000004
0.000036
-0.093734
-0.000045
-0.000007
-1.938286
-0.063174
-0.004449
-0.227548
-0.055738
-0.067167
-0.062865
-0.040750
0.829572
-0.000045
-0.151547
-0.086175
-0.061729
-0.000074
0.000051
0.000004
0.000040
-0.000043
0.000090
-0.000035
-0.000102
-0.000033
0.000000
0.017521
0.176927
0.187509
-0.194651
-0.000065
-0.000129
0.000005
0.011348
0.158262
0.000049
0.212888
-0.000028
-0.000028
-0.085710
-0.000272
-0.000064
-0.000049
-0.104962
-0.000084
-0.063047
0.000053
-0.000084
0.000007
-0.007302
-0.067703
-0.004480
-0.227670
1.999944
0.022219
-0.063313
-0.230090
-0.024307
0.000042
0.652250
0.000044
-0.017510
-0.000121
0.000017
0.000070
-0.000030
-0.009386
-0.000033
-0.000041
0.046948
-0.000007
-0.000048
0.000217
-1.292580
0.249940
0.147444
-0.124445
-0.068288
0.000121
-0.108912
-2.005644
-0.000047
0.052652
-0.000037
-0.000071
0.000000
0.000079
0.000084
0.000047
0.000065
-0.000090
-0.000067
-0.160076
0.000000
0.000001
-0.865030
-0.785310
0.401535
0.000069
-1.999900
-0.094654
-0.000076
-1.135138
-0.237392
-0.090071
-0.113512
-0.000012
0.000003
0.000016
0.000020
-0.000013
0.000044
-0.000059
-0.090993
-0.000144
-0.078513
-0.000034
0.000020
0.000164
0.075146
-0.064721
0.086538
0.000059
-0.000090
-0.000121
-0.015046
-0.237217
-0.062573
-0.852345
0.000039
0.000012
-0.000653
-0.000035
-0.000005
-0.087664
-0.000229
-0.052763
-0.000010
-0.046829
0.000003
0.000038
-0.000249
0.243613
0.102864
0.147639
-0.000004
0.000047
-0.087475
-0.206255
-0.079362
0.000052
0.233259
-0.000008
-0.000007
0.000064
0.000093
0.000013
0.000017
0.000046
-0.000062
-0.000003
0.000000
-0.000007
0.000025
0.000193
0.455454
-1.753858
-0.381854
-0.517388
-0.096582
0.000063
-0.207960
-1.135057
-0.000105
-0.006300
-0.000050
-0.000024
0.000007
0.000087
0.000006
0.000006
-0.000008
-0.000020
-0.000019
0.000013
-0.000018
0.000003
-0.019043
-0.162293
-0.615213
0.234069
-0.000005
-0.000005
-0.084343
-0.525350
-0.488410
-0.081627
-0.006329
-0.104939
-0.082818
0.000071
-0.000001
-0.000000
-0.000052
0.000053
0.000020
-0.000017
0.078499
-0.000012
-0.000047
0.020161
-1.275961
-0.038577
-1.112402
-0.136419
-0.079207
-0.077469
0.089439
0.078949
0.000031
0.021242
0.000013
0.000055
-0.061164
-0.065544
0.000040
-0.000111
0.000200
-0.122163
-0.060968
-0.000009
-0.000125
-0.000012
-0.020361
-0.216676
-0.453114
0.234055
-0.951698
-0.058726
0.000059
0.323720
0.244760
0.000040
0.183889
-0.000133
0.000068
0.000037
0.000006
0.000075
-0.000151
0.000098
0.000007
-0.063482
-0.047102
-0.073193
-0.000012
-1.959801
-0.123674
0.773721
-0.128820
-0.000081
0.079096
0.000166
0.212019
0.157599
-0.061491
0.063314
-0.000041
-0.062388
-0.070198
-0.000398
-0.000036
-0.000017
-0.083190
0.000047
-0.069174
-0.087440
-0.082270
-0.000173
-0.017479
0.150748
0.694193
-0.695394
-0.000002
-0.072994
-0.067564
0.412968
-0.200791
-0.000025
0.325590
0.000014
-0.000033
0.000104
0.000043
-0.000000
0.000013
0.000027
0.000006
-0.000047
-0.078392
-0.000016
-0.000025
0.000039
-0.130299
-0.781646
-0.151020
-0.604456
-0.000047
-0.000173
0.553773
-0.323987
0.000021
0.039763
-0.016032
-0.091825
-0.084100
0.000010
-0.084289
-0.000034
0.000060
-0.099370
-0.061865
-0.125474
-0.000002
-0.000015
0.020166
0.044777
0.323292
1.346526
-0.000032
-0.098827
0.000155
0.341695
-1.720014
-0.058027
-0.117031
-0.069673
-0.058874
-0.053921
-0.061033
0.000049
-0.000016
0.000029
0.000006
0.000025
0.000007
0.000005
-0.000013
-0.959304
-0.589958
-0.290187
-1.580692
-0.143790
-0.000133
0.000103
-0.479370
-1.543714
-0.000042
0.172576
-0.000034
-0.083258
-0.076453
-0.000096
-0.091537
-0.000013
0.000056
-0.000062
-0.069792
-0.096817
-0.000091
0.000005
-0.142422
-0.199699
-0.395295
-0.734739
-0.579305
-0.000103
0.000124
0.212077
1.074280
0.000048
0.295376
-0.000053
-0.000002
0.000138
-0.000060
-0.000074
-0.079082
-0.077313
-0.092818
-0.077926
-0.088494
0.000021
-0.000004
-1.959130
-0.362248
-0.780730
0.000082
0.000008
-0.000045
0.000025
0.593172
0.559384
-0.071234
0.087892
0.000037
-0.000026
-0.066393
-0.000019
-0.000033
0.000041
0.042054
-0.000005
-0.084610
-0.125348
0.000001
-0.000002
-0.026818
-0.070930
-0.627917
0.461485
-2.000143
-0.078975
-0.076512
-1.284611
0.197593
-0.000080
0.363532
0.000065
0.000009
0.000035
-0.000084
-0.000033
-0.066975
-0.088293
-0.000018
-0.065978
-0.125715
-0.000037
0.000023
-0.000421
0.000044
-0.107089
-0.000067
0.000036
0.000194
0.000064
-0.272521
-0.823183
-0.000152
-0.228283
-0.000019
0.000016
0.000117
0.000081
-0.075427
-0.070784
-0.069346
-0.000111
0.000021
-0.000014
0.000001
0.000009
-0.020499
0.648232
0.540588
-0.983874
-0.000002
0.000125
-0.000021
-0.240368
-0.080388
0.000027
0.103324
0.000045
0.000009
-0.000015
0.000000
-0.000039
-0.000019
-0.000028
0.000065
-0.000118
0.000004
-0.000023
0.000005
-0.058971
-0.125993
-1.074835
0.000018
-0.176459
-0.109596
-0.073604
0.332771
-0.155783
-0.000010
0.253793
0.000048
0.000075
-0.000064
0.000021
-0.000005
-0.089906
-0.087946
-0.000052
-0.088729
0.000008
0.000002
-0.000015
0.020265
-0.423013
0.488161
0.234088
-0.000010
0.000033
-0.000178
-0.240713
-0.672547
-0.086823
-0.505075
0.000006
-0.000021
-0.000165
-0.000023
-0.033260
0.000046
0.000016
-0.000095
0.000001
-0.000019
-0.000006
0.000025
0.020335
0.058117
0.000193
-0.000041
0.000038
-0.081783
-0.073380
-0.107761
-0.514117
-0.013887
0.418725
-0.000082
-0.072054
-0.065993
-0.071551
-0.077977
-0.082672
0.000007
-0.000022
-0.081474
0.000003
-0.000014
-0.000000
-0.000039
-0.395365
-0.658872
0.000023
-0.530954
-0.078688
0.000089
0.557460
0.759294
-0.000070
-0.076587
-0.000056
0.000063
0.000076
-0.000030
-0.000035
-0.055635
-0.049047
0.000024
-0.000028
-0.125517
0.000001
0.000088
-1.979907
-1.021974
-0.828017
-1.494147
0.000037
-0.000144
-0.047747
-0.044742
-0.252544
-0.055635
-0.258234
0.000023
0.000019
-0.042047
-0.000016
-0.000010
-0.000048
0.000057
-0.000002
0.000005
-0.000021
-0.000013
0.000002
-0.020316
0.599712
0.362131
-0.955877
-0.000021
-0.083094
-0.078526
-0.364990
-0.786187
0.000071
0.003085
-0.000020
0.000076
0.000127
0.000010
0.000063
0.000026
0.000032
-0.000101
-0.067190
0.000003
-0.000014
-0.000122
-0.000059
-0.199976
-0.137266
-0.178917
-0.583078
-0.069202
-0.065774
-0.129095
-0.059652
0.000022
-0.535803
-0.000048
-0.000029
0.000158
0.000083
0.000030
-0.000026
-0.000144
-0.082554
-0.000056
0.000003
-0.000011
0.000010
-0.019216
-0.098922
-0.004274
-0.101293
-1.999928
0.000026
0.000096
-0.513882
-0.760510
0.000025
-0.020419
0.000075
-0.000075
0.000121
-0.000022
-0.074562
-0.074549
-0.069484
0.000010
-0.000122
-0.000036
-0.090672
0.000026
0.000108
0.086898
1.095901
0.234047
-0.000006
0.000053
-0.000036
-0.251494
-1.260006
-0.063656
0.233784
-0.070490
-0.064585
-0.059152
-0.063387
0.000007
-0.071090
-0.029021
-0.000038
0.000006
-0.125799
-0.000033
-0.000035
0.000922
0.301073
-0.153924
-0.732571
0.000092
-0.022287
0.000016
0.463247
-0.515219
-0.000044
0.389484
-0.099287
-0.000003
-0.000122
0.000035
-0.075754
-0.000025
-0.000048
-0.000025
0.000002
0.125525
0.000017
0.000009
-0.041493
0.300350
-1.125477
-0.234198
-0.000019
-0.000153
-0.000100
-0.028994
-0.410896
-0.067770
0.006310
0.000031
-0.068759
-0.062975
-0.067484
-0.000003
0.000016
-0.041456
-0.000189
-0.000028
0.000002
-0.000038
-0.000021
0.001828
0.232502
-0.001801
0.234041
0.000035
0.000027
-0.000089
0.317011
-1.839469
-0.075348
-0.248813
-0.000014
-0.076448
0.000016
0.000006
0.000018
-0.000035
-0.000017
-0.104748
-0.000005
0.000002
-0.000043
-0.000030
-0.020235
0.724115
0.303054
0.234083
0.000020
-0.000030
0.000118
0.098189
-0.410732
-0.082060
0.204360
-0.000007
-0.000010
0.000130
0.000059
-1.000087
-1.000051
-1.000087
-1.000000
-1.000004
-1.000001
-1.000000
-1.000033
-1.020327
-1.900836
-2.095890
-1.234069
-1.000060
-1.000054
-1.000125
-1.870761
-1.837131
-1.000062
-1.652530
-1.000068
-1.000136
-1.000199
-1.000091
