16
9
9
9
9
10
9
9
10
9
9
9
9
9
9
9
9
10
10
10
9
9
11
13
10
10
9
11
9
9
9
9
9
9
10
10
10
9
9
9
17
3
3
10
21
10
10
9
9
9
7
7
9
9
9
9
9
9
9
12
12
12
5
9
6
7
7
9
9
9
9
9
9
9
8
9
9
9
9
9
7
7
7
6
6
9
9
6
6
6
9
9
9
9
9
9
9
9
9
9
9
9
9
9
9
9
9
9
9
10
10
10
10
9
9
9
10
10
9
8
9
9
9
9
9
9
9
9
9
9
8
8
8
8
9
8
9
9
9
9
9
9
12
16
16
12
6
9
9
9
9
9
9
9
9
9
9
9
9
9
9
9
23
9
23
9
21
9
17
16
16
16
16
9
22
22
9
9
9
10
9
21
9
9
9
9
9
9
9
9
9
9
9
9
9
9
18
9
9
9
9
17
9
9
9
9
18
18
18
18
18
18
18
18
8
18
9
7
9
9
14
14
9
9
9
17
16
16
16
16
16
9
9
9
4
13
9
9
9
9
9
4
9
16
16
16
17
16
3
7
3
3
3
3
3
7
5
14
13
9
9
9
10
9
9
13
13
9
13
13
13
13
10
10
9
9
12
9
9
9
9
9
13
9
9
9
9
9
9
9
9
9
9
10
9
9
9
9
9
9
10
9
9
9
10
4
10
9
9
9
9
9
9
10
10
10
9
9
5
9
9
9
21
21
10
22
10
9
10
9
9
10
12
12
12
9
9
9
9
3
9
9
9
9
9
9
10
10
9
9
5
9
10
10
9
9
9
7
9
9
10
10
9
9
9
9
9
9
9
12
12
12
10
9
10
10
14
9
14
10
9
9
10
10
10
10
10
10
10
9
9
9
7
7
7
9
9
21
8
8
8
8
9
9
9
9
10
9
9
9
9
9
10
10
10
9
6
6
7
7
7
6
9
9
9
9
8
9
9
9
9
11
9
9
9
9
9
9
9
9
9
9
9
9
9
9
6
9
9
10
9
9
9
9
9
9
9
9
9
9
9
9
9
8
9
6
6
6
13
21
9
10
10
8
9
10
9
9
9
9
9
9
9
9
9
9
9
9
9
9
9
9
9
9
9
9
9
9
9
9
9
9
9
7
7
7
9
9
9
9
4
4
4
6
6
6
19
21
19
19
5
6
19
19
9
5
4
5
8
9
5
10
9
4
4
4
23
8
8
13
8
9
9
10
11
10
8
8
8
9
9
9
6
9
9
9
9
9
23
23
23
9
9
9
8
8
8
8
9
9
14
4
9
9
9
9
10
10
10
9
9
9
9
9
9
8
8
8
9
9
9
9
9
9
9
5
9
8
8
8
8
10
8
9
16
16
16
16
9
9
9
9
9
9
10
10
9
9
9
8
9
9
8
8
9
9
9
9
9
9
9
10
10
10
10
9
10
9
9
9
9
9
9
9
9
9
9
9
9
9
13
13
13
13
13
13
11
7
9
10
13
13
13
13
14
13
13
13
11
10
17
17
17
13
9
13
17
17
17
11
9
10
13
10
9
12
12
9
9
9
12
9
9
10
10
17
17
12
12
11
9
9
11
11
11
10
10
10
12
9
9
9
12
13
10
9
9
9
9
9
21
21
21
9
9
9
10
9
10
10
10
10
9
9
13
13
10
13
13
13
13
13
13
13
21
13
13
11
9
9
9
9
6
11
9
10
9
9
11
11
11
6
6
6
6
6
9
9
6
6
9
10
10
10
10
9
13
13
4
9
9
9
9
9
9
9
9
9
9
9
9
9
9
9
9
9
9
9
17
17
17
9
5
9
9
9
9
9
9
9
10
10
10
10
10
10
9
9
9
9
10
9
9
6
6
6
10
9
9
12
13
13
13
13
21
21
10
9
5
9
10
10
9
10
9
10
9
11
9
10
9
9
10
9
10
9
10
9
9
11
21
21
21
10
10
9
10
9
9
9
9
5
10
9
9
9
10
10
10
5
9
9
9
12
12
12
12
15
15
15
9
5
9
16
16
17
16
12
16
14
9
10
9
9
8
17
17
17
9
9
9
9
9
9
10
9
17
10
17
6
21
21
21
9
9
9
9
9
9
10
9
10
9
6
18
9
12
12
21
21
21
22
22
22
22
22
22
22
22
9
23
22
22
10
23
23
23
23
9
9
9
12
4
9
4
4
4
4
9
9
9
9
9
4
4
4
19
19
19
11
19
19
9
5
5
5
5
5
5
5
5
6
6
6
16
16
16
9
9
9
