0, 146
2, 428
0, 283
21, 555
0, 993
0, 507
0, 446
74, 1507
5, 561
0, 337
0, 482
0, 0
0, 443
0, 139
0, 57
1, 437
0, 0
0, 387
0, 270
0, 417
0, 293
0, 462
2, 922
0, 188
0, 0
0, 135
0, 517
22, 1033
0, 653
0, 0
0, 121
0, 697
1, 620
13, 946
6, 307
0, 111
0, 0
1, 733
53, 887
30, 1074
0, 84
0, 277
0, 0
42, 1533
0, 695
0, 195
0, 0
2, 377
49, 1224
0, 454
0, 516
3, 264
12, 492
13, 660
4, 786
0, 355
7, 539
8, 793
0, 193
0, 0
0, 863
0, 248
0, 355
152, 1270
3, 900
2, 592
0, 546
84, 2005
7, 717
0, 0
3, 1015
0, 582
0, 44
0, 695
0, 49
0, 86
15, 348
0, 467
0, 0
0, 146
0, 456
0, 325
2, 338
72, 1507
0, 37
0, 0
0, 0
9, 415
4, 677
0, 464
20, 588
0, 85
0, 562
0, 629
13, 607
0, 545
0, 27
0, 0
0, 0
13, 1261
0, 0
0, 0
0, 459
0, 0
0, 867
0, 306
0, 0
0, 0
0, 102
0, 0
0, 0
0, 0
0, 0
0, 0
0, 0
0, 0
29, 820
85, 978
0, 0
0, 91
0, 0
0, 414
8, 1234
0, 0
0, 0
0, 0
0, 0
0, 0
5, 893
0, 0
0, 489
0, 527
0, 973
0, 456
0, 175
0, 139
0, 98
0, 722
1, 1186
0, 713
0, 230
0, 20
59, 1171
0, 278
0, 1218
0, 147
9, 947
21, 1028
18, 966
11, 2439
0, 99
2, 939
0, 64
0, 350
49, 1257
19, 1165
0, 100
11, 274
0, 0
0, 567
0, 519
0, 583
0, 227
0, 451
0, 418
0, 884
56, 425
0, 0
0, 0
0, 26
0, 95
20, 1243
47, 841
7, 1598
0, 523
0, 131
14, 329
5, 947
4, 1752
0, 179
0, 0
0, 0
0, 329
0, 261
0, 0
0, 635
38, 848
0, 987
0, 371
0, 86
3, 524
0, 0
0, 0
37, 980
0, 173
4, 565
4, 1002
0, 60
0, 156
36, 845
82, 1351
1, 382
1, 347
0, 247
0, 864
0, 418
0, 745
0, 579
118, 1014
0, 657
1, 562
23, 885
0, 350
0, 0
0, 361
0, 469
10, 656
0, 261
0, 468
0, 157
0, 290
5, 432
0, 733
0, 0
0, 0
7, 619
0, 0
0, 0
0, 0
0, 462
0, 0
9, 1124
38, 335
0, 0
0, 0
0, 0
0, 0
0, 0
0, 0
0, 113
31, 2161
0, 0
0, 0
0, 0
13, 1840
0, 0
0, 0
0, 0
89, 839
0, 0
0, 0
0, 0
0, 0
13, 821
0, 0
2, 1116
0, 793
0, 94
0, 71
3, 1851
5, 895
0, 589
0, 292
0, 133
0, 1108
32, 1650
1, 712
30, 606
0, 482
6, 523
0, 470
9, 589
0, 483
22, 444
0, 0
30, 897
0, 677
0, 523
0, 79
0, 173
0, 396
0, 0
0, 104
0, 79
0, 74
0, 174
0, 73
0, 177
0, 548
0, 774
32, 686
2, 1071
0, 0
22, 983
0, 45
0, 741
0, 87
0, 181
0, 713
0, 0
0, 639
0, 311
0, 0
0, 258
0, 226
77, 414
6, 577
0, 193
16, 507
18, 820
0, 739
0, 0
14, 995
0, 162
53, 848
0, 0
0, 405
28, 635
0, 0
0, 433
36, 246
0, 64
3, 584
28, 718
0, 246
0, 207
0, 626
0, 148
4, 763
0, 361
0, 143
0, 469
8, 388
0, 235
103, 1529
0, 305
0, 164
0, 126
0, 143
0, 0
0, 699
0, 376
10, 897
0, 60
6, 662
0, 272
5, 427
8, 694
0, 495
0, 601
3, 481
0, 0
0, 458
0, 344
0, 770
0, 0
0, 0
0, 0
0, 0
0, 0
0, 604
0, 411
0, 0
0, 0
0, 0
0, 0
0, 0
0, 70
0, 0
62, 910
0, 0
0, 0
0, 0
0, 0
2, 506
42, 782
0, 0
0, 0
0, 0
0, 0
0, 0
0, 0
0, 0
0, 0
0, 129
0, 234
0, 206
16, 943
0, 307
0, 681
4, 832
0, 480
0, 428
0, 387
0, 260
0, 63
0, 579
0, 509
0, 440
0, 1036
0, 0
0, 0
0, 159
0, 375
0, 17
0, 157
0, 0
2, 433
0, 511
0, 352
0, 179
0, 212
0, 314
0, 0
0, 461
0, 152
0, 195
0, 0
0, 145
0, 214
0, 149
0, 121
0, 120
0, 130
1, 814
0, 104
3, 347
0, 449
43, 617
0, 398
0, 1002
0, 0
0, 243
0, 269
0, 12
0, 207
1, 829
0, 0
0, 0
0, 66
0, 0
1, 335
1, 357
0, 110
0, 142
20, 445
0, 800
10, 917
100, 584
7, 556
0, 693
1, 513
17, 776
0, 180
0, 193
5, 1021
0, 129
0, 250
0, 104
0, 309
0, 934
0, 271
0, 93
0, 100
0, 159
0, 43
0, 289
9, 531
4, 338
0, 231
0, 130
0, 0
4, 510
28, 1086
0, 290
33, 1288
0, 94
0, 203
0, 349
0, 162
0, 0
0, 0
0, 0
0, 0
0, 514
0, 0
0, 905
0, 0
0, 0
0, 0
0, 0
0, 0
0, 0
0, 844
0, 0
0, 307
0, 0
1, 238
0, 518
0, 373
0, 0
0, 0
0, 114
0, 0
0, 601
0, 0
0, 0
0, 0
0, 0
0, 0
0, 0
0, 0
0, 112
0, 46
0, 375
0, 605
0, 656
15, 368
1, 286
0, 407
0, 322
14, 613
84, 1104
4, 859
0, 418
104, 799
0, 243
0, 153
0, 0
12, 510
5, 458
1, 356
41, 646
1, 380
0, 220
0, 93
0, 691
0, 131
0, 86
0, 324
14, 579
0, 76
0, 468
0, 194
0, 187
30, 820
2, 367
0, 213
0, 334
0, 506
0, 0
0, 78
0, 98
0, 303
4, 421
0, 139
0, 651
0, 227
0, 506
0, 216
5, 370
0, 393
4, 821
4, 566
0, 374
0, 244
23, 653
0, 559
0, 723
0, 211
0, 172
0, 0
0, 533
0, 451
0, 475
0, 33
0, 157
0, 73
2, 882
0, 864
0, 141
0, 31
0, 311
0, 425
0, 214
3, 740
0, 146
2, 486
38, 455
0, 334
0, 124
0, 595
13, 465
0, 182
6, 679
0, 706
0, 494
0, 327
0, 320
1, 480
1, 346
34, 498
1, 362
0, 36
3, 377
109, 1130
0, 253
0, 564
0, 0
0, 0
21, 1020
0, 0
0, 0
0, 0
0, 0
0, 0
0, 0
0, 0
0, 0
0, 0
0, 0
0, 0
0, 0
0, 0
0, 0
0, 0
0, 0
0, 0
0, 0
0, 0
0, 0
8, 683
0, 0
0, 0
0, 0
0, 0
0, 0
0, 0
0, 0
0, 0
0, 97
3, 359
0, 0
0, 310
0, 497
41, 817
32, 610
5, 216
0, 0
1, 597
0, 229
11, 434
0, 313
0, 227
22, 558
0, 404
0, 737
1, 489
71, 462
0, 535
0, 0
4, 554
1, 299
9, 684
0, 468
122, 683
0, 481
0, 1080
0, 0
2, 311
0, 0
0, 535
3, 676
4, 172
60, 759
0, 0
11, 672
0, 192
0, 426
75, 903
11, 566
0, 402
0, 0
0, 548
0, 60
0, 349
0, 0
0, 0
9, 912
0, 308
0, 211
0, 340
0, 416
0, 361
0, 383
0, 232
0, 259
0, 351
2, 604
0, 226
0, 0
25, 600
0, 530
9, 329
24, 854
0, 503
0, 370
3, 433
0, 130
0, 175
0, 387
0, 412
0, 313
0, 206
0, 180
0, 420
17, 585
12, 351
0, 135
6, 887
0, 697
0, 613
5, 505
0, 165
0, 560
0, 0
0, 145
0, 203
3, 525
3, 509
0, 427
0, 91
0, 678
0, 604
0, 433
0, 312
0, 0
4, 439
0, 225
0, 0
0, 0
0, 0
0, 0
0, 118
0, 0
0, 0
0, 0
0, 0
0, 0
0, 0
0, 0
0, 0
0, 0
0, 0
0, 500
0, 0
0, 150
0, 289
0, 0
0, 0
0, 0
0, 175
0, 288
0, 0
0, 0
15, 370
0, 609
0, 0
2, 271
0, 295
0, 267
0, 364
0, 421
0, 259
0, 487
0, 303
0, 474
0, 0
52, 415
0, 218
6, 461
5, 670
0, 392
0, 566
0, 128
0, 554
7, 280
0, 509
0, 392
0, 168
1, 605
0, 467
0, 376
12, 343
2, 493
0, 427
1, 683
83, 782
0, 433
0, 0
9, 526
0, 651
8, 944
24, 721
0, 135
0, 176
0, 283
0, 371
0, 348
0, 434
26, 428
107, 583
1, 503
5, 643
0, 338
0, 376
23, 331
10, 382
0, 0
9, 354
3, 114
3, 503
0, 0
7, 749
0, 255
0, 114
0, 135
3, 505
0, 155
0, 193
0, 0
0, 401
0, 635
0, 75
64, 1088
15, 677
2, 436
36, 726
0, 411
0, 288
0, 349
0, 204
0, 460
0, 358
0, 267
39, 888
89, 890
0, 495
6, 816
0, 359
0, 99
10, 467
9, 538
0, 406
0, 535
0, 548
0, 291
0, 459
49, 713
0, 551
0, 493
0, 400
0, 152
0, 0
0, 0
0, 0
0, 236
0, 0
0, 0
0, 0
0, 0
0, 0
3, 516
0, 0
7, 574
0, 0
0, 0
0, 0
0, 344
0, 0
0, 0
0, 0
0, 0
0, 0
0, 0
0, 0
0, 0
0, 0
0, 0
0, 0
0, 0
0, 0
0, 0
0, 0
0, 0
0, 399
0, 409
0, 0
0, 249
0, 285
0, 697
1, 501
0, 264
127, 1040
0, 393
5, 542
32, 809
1, 658
0, 393
0, 393
8, 483
61, 741
16, 756
0, 511
25, 686
1, 370
0, 83
0, 451
0, 0
0, 0
0, 453
0, 428
0, 413
0, 217
10, 483
4, 758
0, 505
0, 393
0, 352
0, 438
0, 435
0, 476
0, 557
3, 1173
0, 265
1, 799
0, 144
2, 450
0, 0
1, 721
0, 580
2, 261
0, 618
0, 91
0, 106
27, 705
16, 800
0, 132
80, 1081
0, 0
0, 491
0, 424
9, 681
0, 389
0, 163
4, 396
0, 370
37, 868
0, 0
2, 673
35, 585
8, 598
0, 197
9, 832
2, 873
0, 186
0, 0
4, 1424
22, 604
13, 937
0, 1209
0, 0
0, 204
0, 0
0, 766
15, 836
0, 552
91, 1418
0, 574
0, 201
57, 787
0, 223
0, 161
0, 123
7, 880
5, 524
0, 254
1, 573
0, 156
5, 497
21, 1246
5, 695
100, 1143
0, 0
0, 0
0, 0
0, 0
0, 0
0, 0
0, 0
0, 0
0, 0
1, 585
0, 0
0, 0
0, 0
0, 0
0, 0
0, 0
0, 0
0, 0
0, 0
1, 465
0, 520
4, 563
0, 154
0, 0
0, 0
0, 0
0, 0
63, 726
0, 612
0, 0
0, 0
